94 87 16 78 
93 87 50 22 63 28 
60 
73 27 27 41 
83 68 12 30 69 31 63 
68 36 30 3 
70 68 59 
57 30 43 12 
85 38 22 20 
92 74 25 27 16 81 71 57 14 
97 82 71 
85 47 26 37 6 28 
14 
88 51 9 77 
100 85 89 77 55 33 4 61 52 
96 95 40 87 13 40 27 71 35 
98 57 68 18 2 93 53 3 2 
87 
90 66 
41 30 20 32 18 
98 76 72 82 28 68 57 10 
87 84 7 66 
25 
97 50 41 24 19 46 
89 65 52 80 22 56 29 
94 51 
35 
88 57 25 44 15 
66 28 
37 
94 36 30 38 19 29 
77 30 12 29 
64 44 14 39 7 
5 
97 89 29 71 18 70 25 44 18 
100 91 73 26 
91 87 40 55 6 
83 
100 69 47 44 41 23 12 11 6 
62 31 
66 45 6 27 21 23 37 9 17 
59 25 38 
37 1 25 
100 80 51 
95 82 72 74 31 34 32 61 64 
82 
91 85 85 77 41 43 37 
88 80 46 73 57 13 49 19 
10 
100 22 20 5 40 12 
68 
85 51 29 59 28 21 
97 82 23 70 31 
93 73 73 51 26 
100 41 23 43 99 14 
91 82 91 56 25 20 37 33 10 
80 70 5 74 77 
56 
43 
85 
45 
99 59 9 
54 49 9 4 34 34 49 
55 
98 69 47 50 47 89 30 1 
4 
98 64 54 93 
97 89 26 76 53 58 30 
61 61 29 15 5 28 22 
49 
100 98 3 95 44 40 3 
82 48 4 39 1 60 52 36 35 
93 
90 72 78 50 1 39 
96 93 89 83 45 30 91 44 
42 
27 
26 
91 68 58 78 27 25 35 
87 69 59 13 6 
47 
95 79 91 30 17 47 53 
94 81 71 32 52 58 28 13 
91 80 15 56 13 13 11 
90 
85 
61 50 18 38 7 6 60 
90 84 19 59 46 74 38 74 
79 58 8 15 
30 1 
19 
100 
95 74 40 32 70 64 48 23 
93 91 83 
58 16 
75 58 
52 48 
38 22 
55 
99 
82 32 40 3 17 17 
81 39 5 19 22 71 63 
86 78 80 
84 77 5 8 60 58 45 
12 
35 6 
76 56 
94 69 90 19 6 
83 23 18 
94 
94 87 27 54 44 
80 78 15 63 14 
95 89 18 33 20 11 
92 54 36 44 38 74 29 
92 37 64 18 11 19 
91 72 62 5 59 31 
90 86 74 5 
51 6 
96 50 4 86 40 21 7 68 27 
97 82 78 66 
37 
97 43 71 33 19 12 
22 
64 
74 60 51 25 31 23 48 15 
36 33 5 
99 87 44 41 79 
63 
77 72 22 48 58 66 
19 
85 
99 92 35 90 99 16 53 72 77 
7 
39 15 
27 
80 
55 
32 
95 82 58 82 
83 82 21 34 
98 93 16 97 23 52 26 5 
82 35 7 
100 98 58 63 9 96 
78 55 77 10 
83 83 33 67 64 61 22 12 
91 87 31 86 84 15 
93 29 17 26 21 40 26 
37 
19 
83 29 38 22 
56 
84 71 26 54 16 9 23 51 38 
98 72 52 70 28 50 27 11 
100 91 40 99 94 78 89 77 11 
88 78 32 
58 
94 67 6 55 29 9 29 
98 98 73 56 46 1 26 84 75 
83 28 22 
40 35 35 22 
86 
100 83 18 
74 65 7 52 16 
64 
73 38 
91 88 60 81 29 57 72 42 
53 
84 52 12 62 70 18 
39 7 1 
90 80 65 55 5 76 33 42 
70 39 37 
57 
66 61 15 50 15 
87 84 53 70 36 40 22 
91 90 10 32 
96 65 49 36 
99 69 14 56 34 56 94 50 
87 78 61 72 34 59 24 
46 
91 62 
76 55 51 1 
90 60 43 20 25 
84 70 52 77 39 
34 
69 3 30 
75 3 
88 84 19 78 17 73 74 58 
98 34 26 
94 75 19 27 42 81 54 
99 60 49 30 6 31 
63 
81 42 20 3 11 
27 
90 41 9 24 
94 91 58 92 21 6 32 14 11 
100 81 71 72 22 68 44 96 30 
89 70 87 55 33 
11 
65 40 
87 31 16 
16 
55 45 20 43 
64 60 40 19 54 
70 6 5 
100 35 20 16 
88 88 70 51 54 3 
90 63 12 58 61 5 11 6 
4 
100 90 48 88 1 52 46 87 83 
95 49 27 37 
93 81 8 65 22 21 18 
95 55 85 38 34 24 18 
32 18 10 
96 70 57 46 9 23 
96 70 
2 
97 67 34 51 79 25 13 14 
100 71 95 69 16 42 43 
38 
84 47 72 39 26 
73 35 41 27 22 59 
73 57 46 53 47 40 
84 4 
43 26 
97 95 40 75 31 68 45 
61 51 58 20 
80 77 33 
54 
99 96 71 42 38 8 
93 85 41 84 1 10 2 
74 40 41 36 5 64 7 
52 50 24 52 31 
5 
62 20 
54 29 
95 82 88 24 20 69 44 40 
95 89 39 21 
99 
99 64 19 96 53 11 6 
43 
87 60 73 54 17 78 1 13 
99 55 33 8 4 50 36 52 
35 7 
98 29 26 85 
82 61 34 16 
98 86 1 98 9 
50 
27 
70 30 17 
67 16 10 
77 48 34 29 14 27 
63 
98 76 30 9 64 17 1 
45 41 21 
100 95 19 66 35 47 9 
87 43 63 4 
35 8 11 
97 70 16 85 97 
83 66 52 17 62 
88 62 38 3 
89 61 
21 
88 67 64 1 16 35 12 
94 51 91 
95 94 40 81 
83 55 45 76 
74 52 39 52 
69 66 
84 14 
78 
88 24 
94 72 37 82 21 15 40 72 
98 75 97 68 35 84 1 68 65 
91 58 34 33 50 30 
93 91 48 30 
36 
61 58 21 53 
88 84 41 22 27 
99 79 6 70 28 71 28 29 
64 
84 61 
93 83 68 24 12 36 54 
96 69 9 63 
88 74 61 74 69 4 77 55 10 
97 82 81 45 24 43 30 13 
56 
100 85 72 23 14 59 56 62 91 
72 
21 1 4 1 
53 13 5 
95 60 59 59 18 37 26 91 
27 
74 49 66 38 22 
10 
87 33 1 5 
59 57 28 11 
75 70 32 42 47 59 29 6 11 
90 66 
100 91 33 63 27 6 1 39 
98 70 33 49 8 70 62 18 
93 86 29 71 40 81 19 43 55 
51 8 1 44 
89 86 
91 
35 
95 92 26 84 43 31 62 64 
21 
93 43 39 31 23 
95 81 86 9 9 
88 85 3 23 46 
97 93 58 49 36 3 
90 52 31 41 13 57 50 
83 49 29 73 58 
98 83 77 40 38 95 6 15 21 
70 37 24 
100 55 18 85 25 54 
37 
93 
65 59 24 
22 12 
11 
79 78 18 12 7 75 76 66 2 
77 70 62 35 34 37 28 
100 98 71 61 40 68 17 
87 78 68 67 9 37 36 
68 38 20 47 
97 35 41 
96 75 51 52 3 9 31 32 
91 48 43 62 77 35 
96 
97 75 
70 15 
83 83 17 78 53 34 3 26 24 
91 
100 
37 
82 51 76 27 51 63 
80 70 79 65 54 45 35 59 12 
96 73 6 58 35 66 37 43 
66 
68 8 50 
83 64 59 61 2 39 3 
97 70 15 59 31 55 34 8 
28 
44 13 
97 57 54 29 14 63 52 14 
100 
82 70 
91 90 55 70 37 9 
96 27 5 
88 65 15 58 
25 11 
94 35 39 27 24 
46 26 
90 57 67 48 7 
85 83 27 61 41 4 
96 91 74 49 6 47 
91 91 68 64 9 69 5 
94 36 
92 52 2 11 52 45 
82 57 36 76 48 49 1 30 52 
61 50 35 
65 65 
73 56 12 34 
97 41 57 
37 
26 
81 72 54 56 20 25 
97 
99 59 9 87 53 6 
48 45 22 31 
80 79 59 8 1 59 54 30 
76 73 41 27 5 9 11 3 
87 86 7 
52 38 24 5 2 34 11 
93 88 82 70 51 9 1 57 72 
84 60 29 63 19 52 24 46 15 
83 73 
95 58 58 31 30 45 12 79 
87 85 27 29 79 42 61 26 
66 40 34 
90 84 59 45 11 86 24 56 45 
94 56 13 43 1 51 21 
29 
82 65 10 55 59 
17 
2 
87 56 12 80 30 18 29 13 
90 80 38 90 
100 96 54 25 12 85 81 12 
85 43 44 33 27 
97 62 64 26 42 32 19 11 
95 95 83 36 84 59 18 
99 81 54 16 15 81 14 18 
65 7 
53 39 32 43 24 10 
72 57 26 64 25 3 
7 
92 90 89 45 57 75 
71 39 
80 3 
89 85 19 67 51 43 39 60 43 
97 36 
99 57 7 14 36 
63 58 55 41 3 45 33 11 
87 72 
5 
93 77 69 19 20 58 54 
78 70 64 26 16 20 
10 
65 49 30 25 51 45 29 
73 19 5 73 48 
94 49 40 29 20 55 71 10 
56 
51 
99 70 12 88 71 8 4 70 27 
89 65 41 72 
87 42 79 28 17 77 23 
27 
95 93 77 52 31 73 43 40 
94 23 7 81 50 
88 87 77 59 29 3 27 39 10 
59 
57 55 40 
61 58 16 36 35 8 
84 65 56 4 38 34 43 
84 60 69 47 1 50 38 22 17 
88 44 43 22 
98 87 78 71 11 63 
62 29 18 25 
94 87 67 67 59 60 60 10 
97 36 31 47 3 18 17 96 
93 75 24 7 
95 
64 18 7 35 
35 
88 45 3 
62 57 2 27 49 
97 51 46 55 10 40 12 27 
3 
58 53 33 
62 61 47 51 
85 58 53 41 54 72 49 11 
49 38 
78 62 55 64 
55 55 25 27 43 
79 
95 61 47 91 1 24 
97 89 91 
50 
87 30 3 84 60 
68 47 38 37 10 35 31 
70 
65 
95 93 38 72 5 34 18 
74 48 56 8 39 1 
94 93 58 60 51 58 79 3 
48 
45 27 
93 12 
91 81 69 78 72 88 22 80 61 
87 80 25 64 37 14 10 29 
67 60 30 28 59 
72 
74 36 30 25 4 
89 83 46 16 4 62 69 43 48 
56 
72 32 37 
100 88 59 39 18 35 77 41 
73 
99 97 52 83 95 93 83 11 
54 53 48 3 
92 87 56 39 15 
45 
89 84 46 66 35 38 45 8 23 
98 84 56 50 48 51 7 
51 39 4 
93 92 22 36 6 12 
89 40 84 24 37 58 
92 91 27 51 3 21 66 9 23 
98 91 59 96 58 41 69 41 62 
76 42 
59 45 24 30 
34 17 11 
71 
100 72 
64 
96 88 29 
67 57 51 30 55 39 30 
88 30 19 9 56 1 8 
91 83 16 29 79 36 38 9 6 
100 58 23 86 82 8 24 70 
90 80 74 28 8 57 19 
77 75 13 31 9 5 
57 
73 73 31 32 62 4 19 30 
92 57 78 45 
53 
95 
75 73 38 21 2 67 
46 44 
94 81 68 48 23 44 
99 97 5 92 8 9 90 94 
88 73 63 68 55 51 41 17 
42 
68 68 15 22 
66 66 42 7 59 25 21 
92 89 80 32 29 52 
70 
92 67 14 60 17 33 87 53 
86 80 1 74 2 15 
97 58 78 46 38 74 63 19 5 
47 36 26 8 
82 74 50 54 6 49 
40 
52 
93 82 70 16 78 34 41 
70 
6 5 
96 81 78 77 22 70 30 70 56 
58 
73 48 47 17 48 
78 52 
99 67 17 97 69 17 41 50 38 
49 6 
67 
89 77 30 44 19 73 
87 27 
95 24 
90 
97 63 19 25 33 64 21 
93 48 41 19 1 23 
84 51 26 5 
88 63 2 79 5 63 9 52 
52 48 3 
99 51 44 59 27 38 51 
99 79 30 70 13 77 9 48 5 
78 65 50 37 9 64 
16 10 
91 21 15 11 13 
69 
72 8 
90 
56 24 42 
93 40 2 
55 47 27 
17 
84 4 13 
97 92 8 20 12 72 53 25 12 
88 63 31 37 66 53 44 
97 97 4 5 90 
100 95 93 59 97 57 18 30 
87 75 66 72 23 78 62 38 
97 81 1 67 67 50 1 36 39 
91 87 41 35 31 47 17 83 
93 86 53 52 15 41 15 
54 31 
91 87 31 73 55 
98 73 88 
90 61 22 21 77 43 
93 
81 70 10 76 30 
28 21 25 10 
100 89 81 71 39 
77 26 33 
99 72 52 
71 48 58 33 
42 35 
17 4 
97 39 27 64 
96 33 53 27 4 58 
93 65 59 24 21 63 13 
83 66 33 64 8 59 49 29 38 
91 34 29 60 76 24 12 47 
96 83 33 32 73 6 
76 40 59 29 20 44 55 
98 76 61 62 42 39 2 71 
87 57 21 2 
75 57 3 39 24 30 46 29 26 
36 9 
80 31 78 
91 91 48 14 33 38 11 
94 84 52 27 37 44 10 8 
36 
75 69 14 56 66 16 17 50 
80 57 57 15 
51 16 
77 77 39 56 27 9 3 12 
94 86 78 76 
99 2 
75 54 7 68 19 48 43 24 
78 68 19 70 
95 47 73 6 25 65 61 
28 
96 53 10 58 2 
91 83 61 89 21 57 26 32 
92 84 71 44 13 50 33 
98 72 67 82 64 55 5 
82 
71 69 18 47 12 6 
90 61 
74 30 59 
34 
86 58 
100 91 38 89 81 54 72 35 
84 60 51 82 21 46 2 30 20 
81 71 38 
95 67 10 48 
4 
64 33 22 
91 47 45 45 16 90 70 15 
28 10 
76 
81 77 72 67 55 32 
58 43 16 36 5 4 
76 48 73 18 15 46 64 
90 82 87 62 54 34 25 9 8 
93 76 75 73 16 50 23 29 
58 
67 46 
93 59 71 42 
93 86 84 78 17 73 25 73 40 
43 39 7 
92 87 51 
90 85 10 56 23 46 49 9 19 
94 77 80 48 16 56 17 8 65 
86 
87 73 18 50 42 4 58 36 
81 51 41 
98 94 85 56 16 41 12 1 5 
89 74 28 84 75 18 2 38 
88 
78 29 
89 31 2 4 11 81 23 
37 
86 74 65 62 73 69 80 62 38 
90 
70 58 26 4 58 25 26 
85 70 8 32 70 60 
91 90 66 52 52 
86 69 9 63 29 61 79 7 
52 46 12 22 1 
46 
50 
96 43 24 15 1 91 17 33 
80 78 76 63 61 14 1 61 
98 55 90 39 1 72 25 
82 79 
92 80 28 80 8 
95 55 
89 15 30 
80 57 64 9 
76 
79 65 11 15 15 
54 
88 81 55 60 79 34 39 38 46 
100 74 45 59 29 
92 90 38 60 50 19 1 47 33 
24 
96 59 34 84 28 33 21 
92 74 14 10 49 28 4 3 
94 86 64 39 43 5 
43 
100 93 49 
93 91 13 41 32 71 66 16 15 
87 80 24 73 
96 83 69 22 19 23 5 53 
90 
39 
58 40 24 23 
63 26 46 14 
84 53 65 35 38 57 18 
81 
95 92 51 69 67 87 4 34 
79 5 
80 79 69 72 18 34 56 
100 85 83 56 
35 
90 83 38 61 86 59 5 21 1 
92 32 47 13 
97 59 47 54 68 46 45 
92 89 64 68 10 10 20 
99 
42 29 
71 29 19 27 
38 
97 77 66 46 
54 
97 79 64 50 11 58 
86 76 37 59 4 66 48 30 42 
100 95 55 38 
77 25 19 46 10 
97 52 26 93 42 40 24 4 22 
92 
97 43 6 90 
34 8 19 
87 54 78 44 17 
93 
73 15 40 11 6 
36 24 11 16 1 
95 61 54 
95 58 33 12 14 32 13 
60 
85 47 78 45 22 50 46 
92 82 38 86 25 50 17 
92 91 82 92 81 54 8 27 
69 48 
88 65 60 12 
9 
32 
88 58 34 50 56 
100 92 26 89 79 68 47 70 13 
70 29 
98 85 78 80 69 
1 
47 
66 61 9 40 18 7 61 
98 90 11 75 39 93 30 29 15 
75 19 
87 
77 57 56 5 
76 37 28 20 3 37 28 37 
88 77 5 74 45 
67 
72 62 56 12 42 
14 
97 90 31 92 66 27 
90 17 9 38 17 6 4 24 
87 78 16 
89 57 52 84 84 30 16 40 83 
95 13 66 
83 10 
52 47 1 
69 41 
47 44 37 
87 30 19 81 4 4 
100 73 27 66 82 47 
95 
82 56 46 44 
97 96 55 90 
69 57 59 36 
88 
66 
84 51 17 10 
79 70 62 11 75 
100 90 45 35 49 
97 36 
62 
98 97 59 32 31 91 
98 51 
76 60 7 19 
85 46 
70 11 
1 
75 67 27 36 1 28 
84 69 43 42 38 66 30 33 
65 32 23 50 
50 
95 8 
18 16 16 
94 82 27 56 69 6 18 48 
92 79 65 85 57 62 33 72 
96 95 43 66 46 28 
90 3 90 
87 60 18 11 29 86 
86 
87 86 81 78 18 
86 76 43 10 31 
92 52 55 50 23 27 3 2 
87 72 49 84 21 8 27 14 
88 52 30 
81 78 33 67 47 27 28 5 
82 36 18 27 
90 88 44 79 27 5 32 13 12 
76 71 36 53 5 43 42 
75 18 3 47 54 
51 
55 
32 19 31 
85 43 6 81 41 24 20 77 60 
32 
87 56 39 32 2 31 
92 80 74 63 
98 91 64 83 60 67 17 85 6 
87 11 85 10 
74 71 13 58 19 12 
94 89 54 52 69 45 40 25 2 
85 
43 
91 72 53 46 86 68 71 42 28 
87 77 80 46 44 77 7 
95 87 73 75 78 28 
90 38 54 33 31 48 78 16 
88 
99 18 39 16 10 85 
92 82 41 
47 27 41 
99 85 6 69 22 10 56 1 
89 82 15 46 17 28 39 7 37 
98 76 58 47 4 29 25 70 88 
89 68 12 68 23 
84 10 
95 83 8 5 23 21 14 2 
93 79 73 54 38 
60 55 42 22 39 52 28 
94 71 68 39 3 29 29 50 
93 85 11 16 10 65 
75 49 47 19 44 67 
69 42 25 63 58 22 
96 96 
16 
83 
84 69 32 32 
83 68 24 40 54 7 61 28 25 
92 47 
90 88 4 24 65 
97 82 72 77 37 43 61 87 79 
80 77 40 48 37 
53 
89 69 9 57 28 5 50 66 
81 47 44 
61 51 12 51 
39 
57 
70 65 69 61 44 66 59 10 
60 54 
47 30 28 25 23 
69 55 20 5 50 63 
41 
96 77 80 70 2 12 43 
8 
95 41 18 68 
98 52 26 74 3 3 1 74 32 
81 79 37 
71 47 21 41 24 44 18 34 22 
67 61 41 21 4 13 
86 75 24 48 40 17 40 13 21 
100 91 86 82 28 61 51 
97 69 31 16 
94 69 93 12 57 65 24 
100 89 66 65 9 50 36 13 9 
92 69 55 88 
39 29 17 11 
82 37 24 35 27 
94 61 80 17 3 68 
99 77 63 64 29 41 41 28 
96 43 32 75 68 25 35 59 
31 
81 47 1 32 3 
96 94 67 24 23 
93 67 61 82 58 19 25 9 
3 
51 
88 81 41 82 5 20 54 28 
94 70 72 65 37 64 45 15 54 
93 30 46 21 
81 42 
93 49 22 87 85 30 2 72 49 
66 42 4 
89 86 54 75 1 73 50 
94 82 46 43 54 
96 86 84 58 78 44 6 
60 26 
88 32 64 29 25 
97 11 34 8 11 11 38 
73 35 8 20 30 70 38 3 
95 62 8 53 49 
96 46 12 
85 76 20 21 9 
59 
13 
62 44 5 41 16 43 24 
72 67 24 20 
88 
81 79 75 64 23 72 4 47 40 
83 52 20 33 38 15 40 10 
97 43 
99 82 13 59 45 91 80 11 13 
26 14 11 
86 85 79 82 83 50 11 74 77 
92 92 41 85 79 54 57 74 
83 36 42 32 4 45 42 
94 92 71 71 55 58 49 20 
99 80 94 78 30 2 
95 91 86 67 58 86 77 
90 
34 
95 54 45 44 26 7 
100 55 42 40 66 37 
75 
59 25 
70 10 39 
99 68 36 14 
95 91 29 88 44 24 
86 65 10 19 35 
58 3 
99 61 40 77 53 24 20 62 
93 49 
90 73 44 60 16 48 
99 
94 81 67 82 32 77 51 51 28 
96 91 91 42 
16 
99 13 
99 54 
87 28 77 18 8 75 21 2 
95 83 16 
99 50 4 24 13 37 
76 3 
38 29 6 4 
92 
87 53 41 35 
44 37 
68 61 53 55 1 35 26 60 
72 
100 91 55 45 15 22 
95 92 43 
41 
86 81 45 36 76 74 15 
92 74 56 
90 66 44 28 61 54 39 24 
81 72 65 48 63 76 42 
69 41 68 
99 26 24 70 4 18 23 61 
56 14 3 
79 
97 53 47 73 61 24 
81 38 8 2 
48 42 
47 
27 21 
52 5 
48 
37 10 
35 
98 58 83 55 45 69 44 51 
92 89 57 37 
37 
99 98 97 39 41 66 51 34 29 
95 27 
91 67 61 22 
99 62 94 21 11 
9 2 
94 
99 61 45 32 26 54 31 71 
90 15 50 12 13 
32 
97 33 4 40 40 16 
37 
62 14 49 
99 93 92 94 16 18 6 68 53 
48 35 
59 
97 93 85 43 34 52 45 
78 36 10 25 
90 72 75 67 27 47 19 
84 78 59 27 24 61 37 
95 59 70 46 43 9 13 37 
82 43 30 
78 68 59 37 
96 47 55 14 8 14 
83 
70 58 50 63 65 
92 
42 
100 70 34 
88 85 55 52 47 5 52 51 
76 52 74 38 
76 57 19 29 6 
86 42 4 13 3 
99 81 28 14 12 86 98 
96 91 90 41 46 57 14 
84 60 83 17 3 59 32 3 
39 19 5 
94 31 3 33 
69 26 16 
65 58 61 7 50 7 
56 47 16 
97 77 39 83 1 46 11 21 
99 52 67 47 44 44 
79 62 2 22 
98 92 11 13 40 55 
91 43 53 1 1 74 45 35 
1 
97 84 86 68 19 51 
52 
87 59 83 35 4 23 29 
99 79 13 77 22 36 81 72 14 
88 78 76 51 51 7 2 38 27 
99 34 16 17 6 15 33 20 
100 63 20 93 50 50 21 
99 95 56 45 26 
93 47 46 50 63 31 8 5 
88 35 61 
75 45 49 38 
74 53 28 23 39 8 
47 
95 94 31 74 14 60 5 17 93 
92 74 92 70 32 24 17 17 4 
20 
