4
87 78 16 94 
6
87 93 50 22 63 28 
1
60 
4
27 41 27 73 
7
12 69 68 30 83 31 63 
4
68 36 30 3 
3
59 70 68 
4
57 12 43 30 
4
22 20 85 38 
9
25 16 71 14 27 92 81 57 74 
3
71 97 82 
6
26 85 28 37 6 47 
10
14 58 25 96 83 46 15 68 35 65 
4
51 88 9 77 
9
89 85 4 52 55 100 33 61 77 
9
40 13 27 87 95 40 96 71 35 
9
68 2 98 3 18 93 53 57 2 
1
87 
2
66 90 
5
20 41 30 32 18 
8
72 82 76 10 28 68 57 98 
4
87 66 7 84 
10
25 29 72 33 30 4 20 71 69 9 
6
41 50 97 24 19 46 
7
52 22 56 80 89 65 29 
2
51 94 
1
35 
5
25 15 88 57 44 
2
28 66 
10
37 33 52 38 29 76 8 75 22 59 
6
30 38 36 94 19 29 
4
12 29 30 77 
5
44 64 14 39 7 
1
5 
9
29 89 70 18 18 97 25 44 71 
4
91 100 73 26 
5
91 6 40 55 87 
10
83 43 65 98 8 56 5 49 12 23 
9
100 44 47 69 41 23 12 11 6 
2
62 31 
9
6 21 37 45 27 23 66 9 17 
3
59 25 38 
3
25 1 37 
3
100 80 51 
9
72 74 32 82 31 34 95 61 64 
10
82 100 97 60 74 14 69 91 96 27 
7
85 41 91 85 77 43 37 
8
46 57 80 19 88 13 49 73 
10
10 37 11 43 88 7 2 14 73 22 
6
20 100 22 5 40 12 
1
68 
6
29 28 51 85 59 21 
5
23 70 97 82 31 
5
93 73 73 51 26 
6
23 100 41 43 99 14 
9
91 25 91 10 82 20 37 33 56 
5
5 80 70 74 77 
1
56 
1
43 
10
85 94 6 22 68 5 14 62 55 27 
10
45 3 3 7 85 22 43 69 29 90 
3
9 59 99 
7
9 54 49 4 34 34 49 
1
55 
8
47 69 30 1 47 89 98 50 
1
4 
4
64 98 54 93 
7
26 53 97 76 89 58 30 
7
61 15 22 61 5 29 28 
1
49 
7
3 95 98 100 44 40 3 
9
4 1 82 48 39 60 52 36 35 
10
93 16 28 5 30 50 65 86 30 44 
6
78 1 39 72 50 90 
8
89 93 96 44 45 30 91 83 
1
42 
10
27 33 62 43 61 18 24 62 82 10 
1
26 
7
68 78 35 91 27 25 58 
5
69 6 59 13 87 
1
47 
7
95 17 53 79 30 47 91 
8
71 52 81 32 94 58 28 13 
7
15 56 13 91 13 80 11 
10
90 75 56 42 21 34 88 89 39 67 
1
85 
7
18 7 61 50 38 6 60 
8
19 46 84 74 59 74 38 90 
4
8 79 58 15 
2
30 1 
10
19 39 26 89 75 34 58 82 94 59 
1
100 
8
40 70 64 23 95 74 48 32 
3
83 91 93 
2
58 16 
2
58 75 
2
48 52 
2
22 38 
1
55 
1
99 
6
82 17 17 3 32 40 
7
5 39 81 19 22 71 63 
3
80 78 86 
7
5 77 84 8 60 58 45 
10
12 28 51 37 61 19 6 64 50 45 
2
6 35 
2
76 56 
5
90 69 94 19 6 
3
23 83 18 
1
94 
5
27 94 87 54 44 
5
15 14 80 78 63 
6
89 20 11 33 95 18 
7
36 38 92 54 44 74 29 
6
92 11 19 18 37 64 
6
91 59 31 5 72 62 
4
86 90 74 5 
2
6 51 
9
4 86 7 96 40 50 21 68 27 
4
78 97 82 66 
1
37 
6
71 19 12 43 33 97 
10
22 71 85 73 28 35 41 84 73 99 
1
64 
8
51 31 74 15 60 23 48 25 
3
36 33 5 
5
44 99 87 41 79 
10
63 63 84 42 49 24 25 73 23 55 
6
22 58 66 48 72 77 
10
19 2 4 54 34 8 60 29 7 98 
1
85 
9
35 99 92 77 99 16 53 72 90 
10
7 11 17 25 10 40 1 79 10 54 
2
15 39 
10
27 68 48 24 88 32 33 23 82 76 
1
80 
1
55 
1
32 
4
58 95 82 82 
4
21 34 83 82 
8
16 97 26 5 23 93 52 98 
3
35 82 7 
6
58 9 96 100 63 98 
4
77 55 78 10 
8
33 83 22 67 64 61 83 12 
6
87 86 31 91 84 15 
7
17 21 93 26 29 40 26 
1
37 
1
19 
4
38 29 83 22 
1
56 
9
26 16 71 38 54 9 23 84 51 
8
98 28 27 70 72 52 50 11 
9
40 99 89 11 94 78 91 77 100 
3
32 88 78 
10
58 67 53 18 42 36 69 99 85 96 
7
6 67 29 55 29 9 94 
9
98 56 73 75 46 1 26 98 84 
3
28 83 22 
4
35 40 35 22 
10
86 58 55 62 63 73 42 17 53 51 
3
83 100 18 
5
74 16 7 52 65 
1
64 
2
73 38 
8
60 29 72 81 88 57 91 42 
1
53 
6
12 70 18 62 84 52 
3
1 7 39 
8
65 90 33 55 5 76 80 42 
3
39 70 37 
1
57 
5
61 50 15 66 15 
7
87 84 40 70 36 53 22 
4
91 90 10 32 
4
65 36 49 96 
8
14 34 99 50 56 56 94 69 
7
61 34 24 87 72 59 78 
1
46 
2
62 91 
4
51 1 55 76 
5
43 25 60 20 90 
5
70 39 52 77 84 
10
34 44 5 57 82 76 67 12 68 13 
3
30 3 69 
2
3 75 
8
19 17 84 78 88 73 74 58 
3
26 34 98 
7
19 42 54 27 75 81 94 
6
49 6 31 30 60 99 
1
63 
5
20 81 42 3 11 
1
27 
4
90 41 9 24 
9
58 94 32 11 21 6 91 14 92 
9
71 22 68 30 72 81 44 96 100 
5
89 55 87 70 33 
10
11 74 31 34 64 88 80 95 50 100 
2
40 65 
3
31 87 16 
10
16 87 82 12 35 34 88 23 88 74 
4
20 43 55 45 
5
40 60 64 19 54 
3
70 6 5 
4
100 35 20 16 
6
88 54 70 51 88 3 
8
63 90 11 6 61 5 12 58 
10
4 17 93 22 23 6 44 80 62 29 
9
48 1 46 83 88 100 52 90 87 
4
27 49 95 37 
7
8 93 18 65 22 21 81 
7
95 55 24 38 34 85 18 
3
32 18 10 
6
57 9 70 46 96 23 
2
96 70 
10
2 77 53 72 41 26 44 73 92 90 
8
67 79 13 51 97 25 34 14 
7
100 71 95 69 16 42 43 
10
38 64 99 91 40 3 14 32 29 58 
5
72 47 84 39 26 
6
41 22 73 27 35 59 
6
57 53 46 73 47 40 
2
84 4 
2
26 43 
7
40 75 45 97 31 68 95 
4
58 20 61 51 
3
33 77 80 
1
54 
6
96 99 8 42 38 71 
7
41 85 2 84 1 93 10 
7
41 40 64 36 5 74 7 
5
24 52 50 52 31 
10
5 66 87 3 26 80 92 48 8 85 
2
62 20 
2
54 29 
8
95 20 44 82 24 69 88 40 
4
39 89 95 21 
1
99 
7
19 53 64 99 96 11 6 
10
43 67 99 26 73 79 54 67 98 49 
8
73 17 87 13 60 78 1 54 
8
33 4 36 52 8 99 50 55 
2
7 35 
4
26 85 29 98 
4
34 16 61 82 
5
86 98 1 98 9 
10
50 14 80 35 17 15 86 76 66 87 
1
27 
3
17 30 70 
3
10 67 16 
6
34 29 77 48 14 27 
1
63 
7
30 64 1 9 98 17 76 
3
45 41 21 
7
19 66 95 100 35 47 9 
4
63 4 87 43 
3
35 8 11 
5
70 97 16 85 97 
5
83 66 52 17 62 
4
38 88 62 3 
2
61 89 
10
21 42 94 25 29 36 9 63 43 71 
7
64 67 12 1 16 88 35 
3
91 51 94 
4
40 81 95 94 
4
55 83 45 76 
4
39 52 52 74 
2
66 69 
2
14 84 
10
78 36 15 65 70 47 8 73 92 41 
2
24 88 
8
37 94 40 82 21 15 72 72 
9
97 35 84 65 68 98 1 68 75 
6
34 91 58 33 50 30 
4
91 93 48 30 
10
36 23 41 69 44 56 40 67 26 37 
4
61 53 21 58 
5
88 84 41 22 27 
8
6 28 79 29 70 71 28 99 
1
64 
2
61 84 
7
68 24 83 93 12 36 54 
4
9 63 69 96 
9
61 69 77 10 74 4 88 55 74 
8
82 24 30 97 45 43 81 13 
10
56 48 55 67 35 60 82 43 74 2 
9
72 14 59 100 23 85 56 62 91 
1
72 
4
4 1 21 1 
3
53 13 5 
8
60 59 26 95 18 59 37 91 
1
27 
5
74 38 66 49 22 
1
10 
4
1 33 87 5 
4
59 57 28 11 
9
32 70 29 42 47 75 59 6 11 
2
66 90 
8
91 27 33 39 100 6 1 63 
8
33 49 62 18 8 70 98 70 
9
29 40 19 71 86 93 81 43 55 
4
8 44 1 51 
2
86 89 
1
91 
1
35 
8
26 84 62 95 43 31 92 64 
1
21 
5
39 43 93 31 23 
5
86 9 95 81 9 
5
3 46 85 23 88 
6
58 36 3 93 49 97 
7
31 41 50 52 13 57 90 
5
49 73 29 83 58 
9
77 38 98 21 40 95 6 15 83 
3
24 70 37 
6
18 85 54 100 25 55 
1
37 
1
93 
3
59 65 24 
2
22 12 
10
11 61 91 3 56 48 17 90 82 40 
9
18 7 76 2 12 75 79 66 78 
7
77 70 62 35 34 37 28 
7
100 98 17 61 40 71 68 
7
87 9 68 78 67 37 36 
4
38 47 20 68 
3
97 35 41 
8
96 75 51 32 3 9 31 52 
6
43 91 48 62 77 35 
10
96 64 36 32 52 81 21 98 1 89 
2
97 75 
2
15 70 
9
17 53 83 26 83 34 3 78 24 
10
91 52 36 61 47 100 48 30 3 29 
10
100 29 90 14 77 64 67 91 85 95 
10
37 77 85 72 10 39 1 85 40 91 
6
76 51 82 27 51 63 
9
79 65 80 59 54 45 35 70 12 
8
6 58 37 43 35 73 66 96 
1
66 
3
50 8 68 
7
59 2 3 61 64 83 39 
8
15 97 34 59 31 55 70 8 
10
28 96 2 14 68 19 61 30 36 93 
2
44 13 
8
54 14 63 14 29 97 52 57 
1
100 
2
70 82 
6
91 90 55 70 37 9 
3
5 27 96 
4
15 88 65 58 
2
25 11 
5
39 24 94 35 27 
2
46 26 
5
67 7 90 57 48 
6
27 85 4 61 41 83 
6
74 49 96 91 6 47 
7
68 64 5 91 9 91 69 
2
36 94 
6
2 52 45 11 52 92 
9
36 48 49 76 82 57 1 30 52 
3
35 50 61 
2
65 65 
4
73 56 12 34 
3
57 41 97 
10
37 59 11 29 47 98 76 95 25 57 
1
26 
6
54 20 72 56 81 25 
10
97 68 45 4 31 30 47 87 71 95 
6
59 53 9 87 99 6 
4
45 31 22 48 
8
59 1 79 30 8 59 54 80 
8
73 76 11 3 5 9 41 27 
3
87 86 7 
7
24 5 52 38 2 34 11 
9
93 70 1 72 51 9 82 57 88 
9
29 63 52 84 19 60 24 46 15 
2
83 73 
8
58 30 12 95 31 45 58 79 
8
27 79 61 29 87 42 85 26 
3
66 40 34 
9
59 45 24 56 11 86 90 84 45 
7
13 56 94 43 1 51 21 
10
29 51 50 57 38 43 42 15 25 59 
5
10 59 65 55 82 
10
17 19 61 100 64 7 64 19 100 6 
1
2 
8
12 30 29 13 87 18 56 80 
4
80 90 38 90 
8
54 96 81 25 12 100 85 12 
5
44 27 85 43 33 
8
97 62 19 26 42 32 64 11 
7
95 95 18 36 84 59 83 
8
54 16 14 18 15 99 81 81 
2
7 65 
6
39 24 32 53 43 10 
6
26 25 57 64 72 3 
1
7 
6
92 90 75 45 57 89 
2
71 39 
2
3 80 
9
19 67 39 43 51 43 85 60 89 
2
36 97 
5
7 99 57 14 36 
8
55 63 45 11 3 58 33 41 
2
87 72 
10
5 90 90 47 40 85 83 51 73 44 
7
69 20 93 19 77 58 54 
6
64 16 20 26 70 78 
10
10 81 96 33 32 1 23 21 47 14 
7
30 65 29 25 51 49 45 
5
19 73 5 73 48 
8
40 20 94 10 49 55 71 29 
1
56 
10
51 30 32 49 43 89 78 7 69 55 
9
70 99 4 88 71 8 12 70 27 
4
41 72 65 89 
7
87 17 77 42 28 79 23 
10
27 66 100 5 24 68 59 33 89 9 
8
77 31 95 40 52 73 43 93 
5
7 81 23 94 50 
9
87 29 77 10 88 3 27 39 59 
10
59 69 82 47 29 21 75 59 15 15 
3
40 57 55 
6
16 35 58 61 36 8 
7
65 84 56 4 38 34 43 
9
84 1 69 17 47 50 38 22 60 
4
88 22 43 44 
6
78 11 63 87 71 98 
4
18 62 29 25 
8
67 59 60 67 94 60 87 10 
8
36 47 31 96 3 18 17 97 
4
93 75 24 7 
1
95 
4
7 64 18 35 
10
35 53 50 94 19 43 5 6 5 14 
3
3 45 88 
5
62 57 2 27 49 
8
51 55 40 97 10 46 12 27 
1
3 
3
33 53 58 
4
47 62 61 51 
8
53 54 72 41 58 85 49 11 
2
49 38 
4
55 78 62 64 
5
25 43 55 27 55 
10
79 65 43 26 78 3 28 5 55 81 
6
47 91 61 95 1 24 
3
91 89 97 
10
50 13 94 26 55 49 52 61 88 83 
5
30 60 3 84 87 
7
38 68 35 37 10 47 31 
10
70 26 52 58 74 71 59 86 65 84 
10
65 87 53 4 69 77 33 28 31 68 
7
38 5 34 72 93 95 18 
6
56 39 1 8 48 74 
8
58 60 94 93 51 58 79 3 
1
48 
2
45 27 
2
12 93 
9
69 78 22 61 72 91 88 80 81 
8
87 80 14 64 37 25 10 29 
5
67 60 30 28 59 
1
72 
5
74 36 30 25 4 
9
46 16 83 89 4 62 69 43 48 
1
56 
3
37 32 72 
8
59 39 77 88 18 35 100 41 
1
73 
8
52 97 83 11 95 99 93 83 
4
54 3 48 53 
5
56 15 92 87 39 
1
45 
9
89 84 46 23 35 38 45 8 66 
7
56 48 7 50 98 51 84 
3
4 39 51 
6
93 6 22 36 92 12 
6
89 40 84 24 37 58 
9
27 3 66 92 51 21 91 9 23 
9
59 58 91 62 96 41 69 41 98 
2
76 42 
4
24 30 45 59 
3
34 17 11 
10
71 28 51 73 1 41 81 75 81 39 
2
72 100 
10
64 20 20 62 13 47 55 18 70 84 
3
29 88 96 
7
51 55 67 30 57 39 30 
7
19 56 30 9 88 1 8 
9
16 79 38 29 91 36 83 9 6 
8
23 86 58 70 82 8 24 100 
7
80 90 19 28 8 74 57 
6
13 9 75 31 77 5 
10
57 47 56 40 7 13 9 29 98 66 
8
31 73 73 30 62 4 19 32 
4
78 57 92 45 
10
53 71 52 29 27 24 85 73 31 76 
10
95 85 60 92 50 10 74 75 82 3 
6
38 73 67 21 2 75 
2
46 44 
6
68 48 44 94 23 81 
8
5 8 97 99 92 9 90 94 
8
63 68 51 17 55 88 41 73 
10
42 47 24 39 43 39 6 90 83 51 
4
15 68 68 22 
7
66 66 25 7 59 42 21 
6
92 89 80 32 29 52 
1
70 
8
14 60 92 53 17 33 87 67 
6
1 86 15 74 2 80 
9
78 38 97 19 58 74 63 46 5 
4
26 8 36 47 
6
50 6 49 54 74 82 
10
40 77 92 78 92 65 31 23 56 9 
1
52 
7
70 78 41 16 82 34 93 
10
70 40 47 71 97 95 24 71 76 15 
2
5 6 
9
96 22 70 70 77 78 30 81 56 
10
58 97 67 39 82 59 80 3 50 26 
5
47 73 48 17 48 
2
78 52 
9
17 99 41 38 69 17 67 50 97 
2
49 6 
10
67 97 52 78 76 6 27 54 31 73 
6
30 89 73 44 19 77 
2
87 27 
2
24 95 
1
90 
7
19 63 97 25 33 64 21 
6
41 48 93 19 1 23 
4
26 5 84 51 
8
2 79 9 88 5 63 63 52 
3
52 48 3 
7
44 27 51 59 99 38 51 
9
30 70 99 5 13 77 9 48 79 
6
50 9 64 37 65 78 
2
16 10 
5
15 13 21 11 91 
1
69 
2
8 72 
10
90 41 90 94 5 18 54 52 48 9 
3
56 24 42 
3
2 93 40 
3
47 55 27 
10
17 70 90 85 11 50 56 2 91 48 
3
84 4 13 
9
8 12 97 12 20 72 53 92 25 
7
31 88 44 37 66 63 53 
5
4 90 97 5 97 
8
95 97 93 30 100 57 18 59 
8
66 23 87 38 75 78 62 72 
9
1 67 97 67 81 50 1 36 39 
8
41 35 47 87 31 91 17 83 
7
86 93 15 52 15 53 41 
2
31 54 
5
91 55 31 87 73 
3
88 73 98 
6
22 90 61 21 77 43 
1
93 
5
10 30 70 76 81 
4
28 21 25 10 
5
89 100 81 71 39 
3
33 26 77 
3
52 99 72 
4
71 48 58 33 
2
35 42 
2
4 17 
4
39 97 27 64 
6
53 4 58 33 27 96 
7
59 21 13 93 24 63 65 
9
33 64 49 66 8 83 59 29 38 
8
34 76 24 60 91 29 12 47 
6
96 73 33 32 83 6 
7
76 29 59 40 20 44 55 
8
61 62 2 71 42 39 98 76 
4
21 87 57 2 
9
3 39 46 75 24 30 57 29 26 
2
9 36 
3
80 31 78 
7
91 91 48 14 33 38 11 
8
52 84 94 8 37 44 10 27 
10
36 50 19 92 78 96 24 39 31 98 
8
14 75 17 56 66 16 69 50 
4
80 57 57 15 
2
16 51 
8
77 77 39 12 27 9 3 56 
4
78 94 86 76 
2
99 2 
8
7 19 43 75 68 48 54 24 
4
68 78 19 70 
7
95 47 65 6 25 73 61 
10
28 38 26 65 65 37 16 67 16 22 
5
10 96 53 58 2 
8
61 21 57 32 91 83 26 89 
7
84 13 71 44 92 50 33 
7
67 98 5 82 64 72 55 
10
82 2 52 91 3 32 3 76 88 34 
6
71 12 6 69 47 18 
2
90 61 
3
74 30 59 
1
34 
2
86 58 
8
38 91 100 89 81 54 72 35 
9
60 21 46 82 84 51 2 30 20 
3
71 81 38 
4
10 48 67 95 
10
4 4 89 41 94 88 82 26 42 53 
3
22 64 33 
8
45 16 70 47 45 90 91 15 
2
28 10 
1
76 
6
77 67 32 81 55 72 
6
43 5 4 36 58 16 
7
73 48 76 18 15 46 64 
9
87 54 25 8 82 34 90 9 62 
8
75 93 50 29 16 76 23 73 
1
58 
2
46 67 
4
93 42 71 59 
9
86 17 25 40 93 84 73 78 73 
3
39 43 7 
3
92 87 51 
9
10 23 49 19 56 46 85 9 90 
9
80 48 17 65 16 94 56 8 77 
10
86 2 12 76 96 70 11 87 57 13 
8
18 87 58 36 42 4 73 50 
3
51 81 41 
9
98 56 12 5 16 41 85 1 94 
8
28 89 18 38 75 74 2 84 
1
88 
2
78 29 
7
2 31 89 4 11 81 23 
10
37 86 65 4 78 1 56 71 48 83 
9
65 73 86 38 74 69 80 62 62 
10
90 58 11 20 47 67 83 79 89 42 
7
26 58 70 4 58 25 26 
6
8 85 70 32 70 60 
5
90 91 66 52 52 
8
9 63 79 7 29 61 86 69 
5
52 46 12 22 1 
10
46 27 27 5 63 96 36 32 7 41 
1
50 
8
24 1 17 33 15 96 91 43 
8
76 63 14 80 61 78 1 61 
7
98 39 25 55 1 72 90 
2
79 82 
5
80 92 28 80 8 
2
95 55 
3
89 15 30 
4
80 9 64 57 
1
76 
5
11 15 79 65 15 
1
54 
9
81 88 55 60 79 34 39 38 46 
5
45 100 74 59 29 
9
38 90 92 47 50 19 1 60 33 
10
24 100 30 30 98 10 17 4 21 47 
7
59 84 34 96 28 33 21 
8
14 49 28 3 92 74 4 10 
6
64 43 5 39 94 86 
10
43 47 88 46 67 34 82 78 70 16 
3
49 100 93 
9
13 41 66 15 32 91 71 93 16 
4
87 73 24 80 
8
96 22 5 83 19 23 69 53 
10
90 20 72 90 19 16 28 84 56 45 
10
39 35 20 84 3 5 70 75 29 50 
4
24 23 40 58 
4
63 26 46 14 
7
65 38 57 35 53 84 18 
1
81 
8
51 67 87 34 69 92 4 95 
2
5 79 
7
79 18 56 72 80 34 69 
4
100 85 83 56 
10
35 92 89 95 72 8 98 90 95 31 
9
38 86 5 61 90 83 59 21 1 
4
92 32 47 13 
7
47 97 59 54 68 46 45 
7
92 68 64 89 10 10 20 
10
99 57 24 59 99 7 17 19 59 83 
2
42 29 
4
19 27 71 29 
1
38 
4
77 46 66 97 
10
54 6 71 25 25 70 34 48 28 32 
6
97 50 64 79 11 58 
9
37 76 86 59 4 66 48 30 42 
4
95 38 55 100 
5
25 77 19 46 10 
9
26 93 24 22 42 40 52 4 97 
10
92 24 95 50 79 12 98 60 54 91 
4
43 97 6 90 
3
34 8 19 
5
78 44 87 54 17 
10
93 68 83 41 29 75 16 24 76 46 
5
73 6 40 15 11 
5
11 16 24 36 1 
3
54 95 61 
7
33 14 13 12 58 32 95 
10
60 21 17 35 96 62 22 21 67 13 
7
78 47 50 45 22 85 46 
7
38 92 17 86 25 82 50 
8
91 81 82 92 92 54 8 27 
2
69 48 
4
88 12 60 65 
1
9 
1
32 
5
58 88 34 50 56 
9
26 89 68 13 79 100 47 70 92 
2
29 70 
5
98 69 78 85 80 
10
1 90 50 61 74 95 19 13 28 20 
1
47 
7
9 66 61 40 18 7 61 
9
11 90 30 15 39 98 93 75 29 
2
75 19 
1
87 
4
77 57 56 5 
8
28 3 76 37 20 37 28 37 
5
88 45 5 77 74 
10
67 23 64 41 52 97 67 22 79 6 
5
56 62 72 12 42 
10
14 17 88 33 5 15 22 100 2 66 
6
31 92 27 97 66 90 
8
17 38 4 90 17 9 6 24 
3
78 87 16 
9
52 84 16 84 89 30 57 40 83 
3
95 13 66 
2
10 83 
3
47 52 1 
2
41 69 
3
47 44 37 
6
30 4 4 81 87 19 
6
27 100 73 66 82 47 
1
95 
4
82 56 46 44 
4
97 96 55 90 
4
69 36 59 57 
1
88 
10
66 68 47 84 84 73 35 8 39 16 
4
51 10 17 84 
5
62 79 70 11 75 
5
100 90 45 35 49 
2
97 36 
1
62 
6
59 97 91 32 31 98 
2
98 51 
4
60 19 7 76 
2
85 46 
2
11 70 
1
1 
6
27 1 67 75 36 28 
8
43 38 84 33 69 66 30 42 
4
32 65 23 50 
1
50 
2
8 95 
3
18 16 16 
8
82 94 18 48 69 6 27 56 
8
65 92 33 85 57 62 79 72 
6
43 46 95 66 96 28 
3
90 3 90 
6
18 60 87 11 29 86 
1
86 
5
87 86 81 78 18 
5
86 31 43 10 76 
8
55 23 3 2 50 27 92 52 
8
49 21 27 87 84 8 72 14 
3
88 52 30 
8
81 47 33 67 78 27 28 5 
4
82 27 18 36 
9
44 79 32 12 27 5 90 13 88 
7
36 53 42 76 5 71 43 
5
18 75 3 47 54 
10
51 17 64 30 87 99 58 30 77 89 
1
55 
3
31 19 32 
9
6 85 20 81 41 43 24 77 60 
10
32 58 3 61 60 72 76 89 58 74 
6
39 2 87 32 56 31 
4
74 63 92 80 
9
64 60 91 6 83 67 17 85 98 
4
87 11 85 10 
6
74 19 12 71 58 13 
9
89 69 40 2 94 54 45 25 52 
10
85 94 65 19 60 33 3 10 58 42 
10
43 3 57 16 22 68 38 31 33 47 
9
53 86 72 46 91 68 71 42 28 
7
87 44 77 46 77 80 7 
6
73 78 28 75 87 95 
8
54 33 78 38 31 48 90 16 
1
88 
6
39 10 99 18 16 85 
3
92 82 41 
3
41 27 47 
8
6 22 56 1 69 10 85 99 
9
15 46 89 82 17 28 39 7 37 
9
76 4 25 88 47 58 29 70 98 
5
68 68 12 89 23 
2
10 84 
8
8 83 14 5 23 95 21 2 
5
79 38 73 54 93 
7
42 39 55 22 60 52 28 
8
71 39 68 94 3 29 29 50 
6
11 16 93 85 10 65 
6
47 44 75 19 49 67 
6
42 58 22 63 69 25 
2
96 96 
1
16 
1
83 
4
69 84 32 32 
9
24 68 61 40 54 7 83 28 25 
2
47 92 
5
4 65 88 24 90 
9
72 37 61 87 77 43 82 97 79 
5
80 77 40 48 37 
10
53 95 62 32 20 45 78 63 70 33 
8
9 57 69 89 28 5 50 66 
3
44 47 81 
4
12 61 51 51 
10
39 30 12 34 44 95 5 40 25 19 
1
57 
8
69 65 66 10 44 70 59 61 
2
54 60 
5
28 23 47 30 25 
6
20 55 69 5 50 63 
1
41 
7
80 2 96 77 70 12 43 
1
8 
4
41 68 18 95 
9
52 74 1 98 3 26 3 74 32 
3
79 81 37 
9
21 24 18 22 71 47 44 34 41 
6
41 4 67 61 21 13 
9
24 86 40 21 40 17 75 13 48 
7
91 28 86 82 100 61 51 
4
31 97 69 16 
7
94 57 93 12 69 65 24 
9
89 9 50 9 100 66 36 65 13 
4
55 92 69 88 
4
29 39 17 11 
5
37 27 24 82 35 
6
94 3 80 17 61 68 
8
63 29 77 28 64 41 41 99 
8
32 68 35 75 96 25 43 59 
10
31 85 35 13 19 50 58 73 81 74 
5
1 3 47 81 32 
5
96 24 67 94 23 
8
61 58 25 9 82 19 67 93 
10
3 27 14 73 28 71 45 61 96 29 
1
51 
8
41 82 54 88 5 20 81 28 
9
94 37 45 54 70 64 72 15 65 
4
93 30 46 21 
2
42 81 
9
22 93 49 49 85 30 2 72 87 
3
4 66 42 
7
54 86 50 75 1 73 89 
5
46 82 94 43 54 
7
84 86 96 58 78 44 6 
2
26 60 
5
64 32 88 29 25 
7
34 11 38 8 11 11 97 
8
8 30 73 3 35 70 38 20 
5
95 49 8 53 62 
3
12 46 96 
5
85 76 20 21 9 
10
59 69 92 21 65 19 28 46 92 30 
10
13 68 51 77 62 99 84 66 60 69 
7
5 16 24 41 44 43 62 
4
24 20 72 67 
10
88 86 19 33 29 49 64 41 68 14 
9
81 64 4 47 23 72 75 79 40 
8
20 83 40 33 38 15 52 10 
2
43 97 
9
13 82 99 13 45 91 80 11 59 
3
26 14 11 
9
86 85 79 77 83 50 11 74 82 
8
41 85 57 74 79 54 92 92 
7
42 4 83 32 36 45 42 
8
71 55 58 71 92 94 49 20 
6
99 30 2 80 78 94 
7
86 67 95 91 58 86 77 
1
90 
10
34 77 4 27 24 74 33 33 44 25 
6
45 44 54 95 26 7 
6
55 100 42 40 66 37 
1
75 
2
59 25 
3
70 10 39 
4
36 14 99 68 
6
95 44 24 91 88 29 
5
65 35 10 19 86 
2
58 3 
8
40 77 61 99 53 24 20 62 
2
93 49 
6
44 16 73 90 60 48 
10
99 76 16 63 62 25 33 47 28 90 
9
67 82 77 28 32 81 51 51 94 
4
96 42 91 91 
10
16 80 69 63 11 19 91 26 81 52 
2
13 99 
2
54 99 
8
87 28 75 18 8 77 21 2 
3
16 95 83 
6
4 50 37 24 13 99 
2
3 76 
4
6 29 38 4 
10
92 55 58 78 82 84 48 41 61 68 
4
53 35 41 87 
2
44 37 
8
68 1 26 61 55 53 35 60 
1
72 
6
91 15 22 100 45 55 
3
92 95 43 
1
41 
7
45 81 86 36 76 74 15 
3
74 92 56 
8
44 90 39 24 61 54 66 28 
7
65 72 81 48 63 76 42 
3
68 41 69 
8
26 4 23 99 70 18 24 61 
3
3 56 14 
1
79 
6
47 97 53 73 61 24 
4
8 38 81 2 
2
48 42 
10
47 67 85 21 17 54 90 40 66 14 
2
21 27 
2
52 5 
10
48 57 53 8 33 58 68 70 90 69 
2
37 10 
1
35 
8
98 55 44 51 45 83 69 58 
4
89 37 57 92 
1
37 
9
97 41 99 29 98 66 51 39 34 
2
27 95 
4
61 22 91 67 
5
94 11 99 62 21 
2
2 9 
10
94 49 66 32 97 58 30 78 7 47 
8
45 32 61 71 26 54 31 99 
5
50 15 90 12 13 
1
32 
6
4 40 16 97 40 33 
1
37 
3
62 14 49 
9
93 94 92 53 16 18 6 99 68 
2
48 35 
1
59 
7
93 43 85 97 34 52 45 
4
36 25 10 78 
7
75 27 47 67 72 90 19 
7
59 24 37 27 78 84 61 
8
95 59 13 37 43 9 70 46 
3
43 82 30 
4
59 68 78 37 
6
96 8 55 14 47 14 
10
83 40 67 19 52 86 13 10 50 1 
5
58 70 50 63 65 
1
92 
10
42 11 50 78 76 45 38 30 11 36 
3
100 70 34 
8
88 85 55 52 47 5 52 51 
4
74 52 76 38 
5
19 57 76 29 6 
5
4 3 42 86 13 
7
28 12 99 14 81 86 98 
7
90 96 91 41 46 57 14 
8
84 3 32 3 60 59 83 17 
3
39 19 5 
4
31 33 3 94 
3
16 26 69 
6
65 58 61 7 50 7 
3
16 56 47 
8
39 1 77 97 83 46 11 21 
6
67 44 99 52 47 44 
4
62 22 2 79 
6
11 40 92 13 98 55 
8
53 1 45 43 1 74 91 35 
1
1 
6
86 68 51 84 19 97 
10
52 11 1 6 89 86 68 80 77 80 
7
83 59 29 35 4 23 87 
9
13 22 99 14 77 36 81 79 72 
9
76 51 2 38 51 7 78 88 27 
8
16 6 34 99 17 15 33 20 
7
20 100 50 93 50 63 21 
5
95 99 56 45 26 
8
46 63 8 5 93 47 31 50 
3
88 35 61 
4
49 45 75 38 
6
74 39 8 23 53 28 
10
47 27 15 43 52 25 88 67 84 44 
9
31 74 60 93 14 94 5 17 95 
9
92 32 17 17 70 24 92 74 4 
1
20 
