604
231489350 1816467981 1849827888 1977750055
590809309 1402802359 1806251555 865816167
1530195250 530081993 1449430914 895142021
489264902 933250327 35231367 1099757376
749863314 1882099387 897553027 738188226
1570118211 654867801 467025853 165598557
2077473906 1979856031 849581395 308438153
902517304 631256396 189981108 1134006653
300240728 2039808996 964273059 891050036
1295127706 623040965 1756866203 677839307
1153122957 1058813468 1572981328 1642387859
1992063795 1608212694 594661586 594443460
1342828432 1492214612 1332631685 765462994
2147082412 1799657537 931061550 2077072669
1632029920 1780642944 238027173 387063575
264415691 428008281 1521070227 564656419
320333628 337859638 1455706454 1615461333
960900602 1065089008 145816991 2114023559
2123902476 1718798318 1608927769 1968482622
1179527363 56105706 415442433 374872146
1548320318 1748074117 1140335139 1547919081
1400248005 2071396688 1477508102 884794276
1704555983 1715535274 1271857850 1968971674
2143543554 645444429 386144444 316393533
983304066 1841850897 1931854865 1944204667
759456257 2077671856 1910744577 735875084
1648986525 1372188697 556874057 681030240
1428294403 972316489 1055902385 829131072
572906957 48753876 229566504 1973154961
2120150563 1707074605 710465589 1677222898
1275126231 1982323438 1498710923 1271186136
480284218 1884855366 1587579669 1463588283
1579222614 1371950885 1260309302 191195222
1302139092 1023570230 927070305 803641969
248275279 1483944361 1484672208 1676569681
308777201 393090944 358217104 881684157
441844819 587783607 707355470 414511734
147374564 1417821058 2091734631 1422500794
1252660847 1442961905 546203281 1732945065
1180333622 2133782949 1049049699 612072587
1358250186 161875352 803267809 512905629
1185445582 1730338113 1316547597 1433720860
1066798826 653736156 962806892 1375576026
1046827100 1321023995 109776535 1488671918
1908807601 817132004 1903183651 2056182164
87469413 1847434633 1331199309 1340130259
1142912889 1877402590 925591675 175762862
1863701890 1974641374 787835449 1074468427
2136516725 1591103257 1587374056 1174478658
1173957721 756438004 460715869 93272898
1410174160 1423522760 1468848924 309517611
597063106 1578625458 1798189528 358387059
248273813 1553889531 267085574 335743225
1253840515 1598284883 1675873483 249269756
1328203824 453981510 425032617 1044422065
281139235 1212868065 2118890492 270172311
656487673 1558780899 1444650969 1830445394
167735254 1905366837 1923718291 1577909413
1181405949 1245083566 1887427023 1778469054
676225375 1538132903 2136856112 924499187
944538785 256458038 1260242411 50895651
1854742920 788632246 300165406 1035463095
1242613755 725198023 2079885159 1523752989
1938066087 2051292002 1793925299 447070112
1462589252 1091092619 130031857 1630324506
848975808 2053750147 1060750270 2030381756
1151350065 800693645 1661367161 1827575439
191342899 1650739625 604590978 1135881683
1907197662 1864833388 1186777333 1614456933
505981985 1486942739 502436379 1748595739
64657113 434837889 1124865079 2002723199
338646243 771306730 302309662 1801235494
1862399348 432341518 1284076351 563891507
338608017 197342973 446789614 1489958081
998036617 2108156775 1170049871 1189379515
1611412751 1774640848 177777549 1371126764
1491990588 1364554881 838100048 1997972572
704013971 1340536426 1599084663 768671083
1775374314 576466093 623910634 2114020556
1347772822 926220295 1767772402 1062688522
1358561813 904365104 1626580028 1697169829
1101708076 2073369642 1039644261 2099744692
2034042768 62210483 1141640558 1497971870
1836851331 1319418106 721614985 1181358270
536489339 1559715032 1031847193 1240503309
752767809 483448207 2009174392 380658474
1059914300 485601377 347195382 260203473
1411821671 2114967783 1322891994 622899835
871849238 801988374 172586015 1973557314
727874367 1212230275 1925818357 614433486
1274440758 919975267 2112405355 963808440
91909724 686536691 2145166709 628399062
98768074 1029530253 1868902371 851535882
1512978460 1730593114 1232194355 425409111
68710842 1579389736 685612583 1480532512
1546873870 2008504577 2103432347 271239460
663009302 128534713 97313125 1390883668
1340764988 2023131481 2005317153 467722097
795623099 1970238859 1431530536 887532823
509291901 1429213596 1515931884 608059974
311260200 1237350606 1459595855 1824238659
820460071 544306561 102164121 889170912
2123696297 787776704 222219776 1523086518
648797632 178168474 1794325977 1311806933
306703186 1891639101 555206952 1647468173
1767286934 413040456 2115190269 415426384
235795666 1399237156 1302959206 745087566
680967103 671407442 1353147539 992227303
1908758047 665259745 668982313 581734470
1209566305 771146434 1470905381 1185778953
1558923137 1693125156 561381823 60237120
1871293629 208224151 1372044052 30513167
2099863252 1927251003 1677981339 1719666537
192807810 1645687960 2135092920 428603475
897441467 1290568478 1173691040 1578408570
1961975919 379354930 423152224 1723250317
1044614674 1092134536 157501138 106697330
1863280969 1628406519 1292476283 1274720457
1174048026 1853858105 1334957576 897858007
2062082255 559517979 928371173 2014461858
339285333 458868863 1586644746 532093142
2104556822 1574254018 960696616 854514641
717338847 2134387655 285439562 531831117
366258936 708591785 107597785 1410873609
1800726320 265098923 1517570939 1516523641
1893505441 662563573 643760449 920069818
368938029 1978718025 1817927824 283536635
390752355 598815348 150514845 730037688
1057684211 1737159590 1262130829 1014757384
1163929959 75343797 1869272024 1881268805
62247803 7227937 265616273 428506739
715819721 373214058 1839380347 369062393
638312980 1209467637 1885586033 384334772
1872031209 381862833 1304404589 93485589
213097209 974848765 377022224 603849564
1573664112 527537068 1333887251 483864674
117213009 448534431 1498622058 1281142968
523878227 1220410433 1014928124 586126030
1227638370 1280544397 1014632768 1943458090
1653758454 706529466 165036834 144587785
1915997103 2050622866 528922556 1640544663
285002051 1833327144 1734030252 498099259
660692260 2111052475 1101948822 86872724
491105894 288352424 570737397 608318902
736886855 2069359454 1889461869 1260765081
1142286239 756906345 1846891110 222440960
2037450741 714040229 18415401 1543725546
1420569695 183452235 1688313330 1189083149
86591452 69752237 682144163 371593502
1903079380 268690766 869692761 416287992
232259592 1971641582 503160715 723365485
112510358 1073898111 1331684387 849397212
995773917 1073662607 2110162292 2138060155
1830568951 1809569754 213017466 1720536043
376126334 231432866 1116777940 1796696028
414885100 657607621 838295528 501476552
727359857 1520439691 873070053 482955589
1789130456 1742762813 899243580 2021390048
1566920747 1402404294 597271884 1679431104
328818756 1928956270 381344667 1324592672
855135229 344023310 1315169178 538220531
6109415 1528186643 111272926 382235749
1759619509 1228050865 31448128 27020960
1885658486 869743656 528497511 465534694
242699698 1401567564 948490282 2031830153
996846728 1847733861 1905736552 416283826
1102654506 355524788 2095714929 1431473262
136997409 329575947 608582285 992132637
673599257 1923751463 1530353168 679708671
1304454457 1641626093 1061944419 916590317
722193309 1093392547 943611277 460368146
1963136202 1472108787 925902840 58352251
726192702 1874393121 2090182403 1723039430
1574643334 1848435307 2139323255 529814191
56476446 2087554536 1961287452 193473854
269646834 422386089 1185606491 943246090
198653903 568476010 1622954761 1503108359
62618454 537415531 272215028 784811762
1630808077 1215826304 1245179908 1446460630
540451442 23599099 1504812880 1266644144
1897992219 1447511635 842199925 1325151904
1148463293 834039531 1854966095 1204939738
774110418 1668769898 1398413591 1043757252
2091155986 436536433 1987003341 142326240
1005012442 1462474453 1645434599 1067630895
1999889984 1917649626 1852442657 1483214412
985992281 950138916 782191394 1526443722
973738014 139520625 645604217 724246584
1587032259 1487804141 2049398488 588011903
174360024 1756880934 1792951640 948470441
1278167183 1043881583 1992227692 1221839521
1480418015 1831747385 1364165760 337946809
1146738189 862116710 1405577703 999144524
632282687 1110536711 334875288 1618274967
2060675626 1117066681 997235041 886929991
1256587305 1642839257 1611176575 696135916
983159750 1513091414 1284147818 1157519773
1122488699 929615810 2105990213 253172233
1973497392 1950734257 1475011753 1306431758
1634997993 691693865 1644378566 634252533
1553810574 902472621 1633397057 38609613
2013009331 1968272344 1656884579 1926201309
937855376 506635971 665647651 46959032
1991580 129340577 743094947 985151329
1642431990 2027242765 2142671101 617437040
809374926 2101177665 870609273 635388669
1904428273 198137377 1941820426 1391942617
889831241 1438715344 2026195150 296158167
193704316 1512108558 334767779 59229998
1332897253 1991652357 1985431306 123268980
350804680 503595309 170228011 352796259
632935885 913322958 1337947587 127884227
793082074 1333135039 745321266 1602456999
1286829055 1615930538 90362019 1043773680
1814067915 2032182444 288232648 556415507
1323414139 166944149 852573673 1517118454
1679052706 1187341451 1576348452 864466310
1031510160 1414296109 987735289 1382314839
1917891417 1157963300 1735111097 403343654
2071286257 925575035 531227880 716884682
111226425 1276549145 171858032 1398055479
744996035 262220050 294345510 411580301
146918845 582578158 967995807 1470332984
749522306 1820569480 839967789 281091364
860427282 268832592 1145557673 1891937441
1683128701 2133292962 1126768631 1453536469
1143772613 714396079 1856880122 1067575221
1639971113 240624353 1784459902 1751197537
1517173498 1956317933 1001769368 114685884
71054334 1296114877 526266184 217973178
1878693034 1494261990 1688306161 480731692
1167347821 380790302 761823055 2027775103
649622893 1907380727 1772228895 185267945
1893190040 751513878 1638804414 889479004
1465909956 1348200887 1957054224 958397421
1588825240 1594030477 562111309 958515089
1402864761 1563880676 1073200972 1473919094
712511905 1599467155 1691892272 443721290
946245496 1232714784 924452981 2113593317
1613505085 1686276035 1993884771 115644330
1446173114 1618630017 300912274 1191879505
222660246 1939716687 2081358509 1688570202
1140433926 1890929084 499483974 581775517
1337475913 1061595282 1540290605 592857025
477992310 466007928 2066776119 1190504214
2065475082 1611184742 1634225503 864236929
696415877 411194836 830346597 162437314
2097470870 676747719 278081643 1396160335
147894088 578993916 440556192 370554333
371226955 374431052 2059124534 1511660880
117876487 411124859 2093436396 1455352399
1472720141 1486243352 2048209424 1950712450
1952251279 1967501894 993733015 1870242712
1431202987 480474869 586995992 2127618863
891669704 1417342589 142572528 841656926
2094090307 420654170 90333612 94500746
999648086 530889803 465055079 1370875040
905320854 376695964 735052271 1023197341
787820823 681005018 331066091 113057315
19764721 231791866 2063769764 1972015999
51810111 910019130 1694775062 1483013097
1390493998 134287405 1463148312 134680054
1551629993 1605720839 976336979 1498236652
2026375009 1066670590 1592737397 878539446
1597560393 2057792475 101930837 355397598
287004791 836983107 1378594938 1074825613
1517988124 1709661029 1187882927 1537752844
1941452894 1104169042 1362285194 1993263005
2014188171 909576607 1328792453 1257198520
1043864011 644457116 1391878573 448010356
102694307 220731903 1946247007 2129069315
1287402493 1391500755 860125112 737479237
1301809582 962055948 1092876834 1588814372
1799039054 323988124 516156336 1169543529
2033649152 1704039262 559812724 1827618397
660724655 1922097917 1673397753 527429177
684190875 854706558 1784627696 1728054885
1499163673 1029022621 28581592 1601857979
1249754523 1974828598 1583443645 389673367
1218845705 296085108 1127152603 373171638
1258141055 72545789 1961986009 909696460
396533912 330658696 2079239988 282699415
2034697957 491569063 2110317811 547938963
266183331 1636231916 1075368139 950374205
343454825 712512186 530945442 1842618497
1741534806 559527033 1296992828 843805681
386871983 732952824 1233479047 1605717687
1029037932 213148002 1978889324 139695338
285693790 1793391684 1049391798 682227701
2124050379 981148137 964927115 2011264687
1472717200 927761277 411720001 1738900530
416509544 1487088139 541791087 759964368
52116676 1072736528 455099217 1793651482
1632263560 1752092044 489973514 2019135542
337561219 1723452560 1477369580 1366599150
1936600561 1308775255 1506294488 74810702
954683290 408202637 757038402 931250020
1389350773 1721965516 795031058 714584324
502243145 1206751058 306001206 918752688
546355548 847792292 1678717056 598472224
1920528819 2133816272 244640057 1405308730
1738424667 734613570 1276960624 2075985885
310582481 606846555 1295101387 99699394
1915621810 653912226 174510095 722821451
1062114862 931548497 1654071471 303981986
506030364 301618880 1018566310 1008273508
1508369938 1324567515 1927026196 2054725485
24876158 1458259603 505714060 1945404976
1444592226 750354116 1203230057 1035533244
1484967685 332707032 964035480 1795550166
939553587 111653218 1895249559 707691748
765565443 2069759653 1430513198 1827680304
853824501 937101020 2131662290 1359854865
1238719900 1002744951 220644724 599606189
179828817 187271 506848025 204704974
1458446873 1012562085 2626301 755555450
1762916200 1205856357 1791088693 1100400237
1538563389 607640525 748466754 330633327
719293742 496232664 1038325074 1484859185
418508668 321354623 1165055840 1272333169
1258455643 1149234481 484704385 349691894
4495783 705349108 949298082 184324599
705536379 1456146106 389029572 16499603
321224542 391655872 772055053 2084140742
1597512229 415660097 1037057330 988591969
1023300621 1785524083 1319225295 1742594363
134273098 210066720 1079969899 552781765
531421342 97542090 1825114933 1789876984
1246776571 162335669 2139568877 1251272353
867684777 941383310 1435596952 1573221155
250045768 1824626523 1589720757 571270309
68798747 214292161 507927402 1666310975
629952258 1544984731 507419295 1653252878
1183025165 1826644589 1248363592 1317298262
2036711308 180849842 1870080027 420649001
278391932 1547711311 63042337 1525168502
1710046980 55127565 628957206 430248108
996510875 2064554157 2003469262 1246556642
1741697032 1445706370 1817826950 1810495778
1659998531 178270704 1329323104 142467140
1723255434 1836742398 1795720017 758796951
1515903338 896599961 2076095212 1405130997
1077449802 1798691590 1825779997 1355841733
1198919253 1888822333 733526586 761482584
1943949898 1362483792 1191730691 792977124
1279554300 1047716304 2039533765 873767683
345939025 1709877066 536779812 2005937555
1888147769 1866102915 921046 1463919555
1555361664 1796641063 75232857 923781353
545757375 3844420 181428701 1623207176
1802536010 2007208698 831565261 853971614
1748547382 1565091846 1615454197 1545013631
780091989 659701239 190507106 2059646289
1707417542 82557222 785930323 2053356566
1792434288 1322710135 1911810473 1533098408
1041329401 1912731518 849534314 449207417
1561888932 924767170 1372988769 2107646306
928611590 1554417470 1583369834 583663951
1414142519 267451446 1437635564 1015206252
1832543291 905606112 412736235 465151632
1565307350 603243340 377314272 1125241243
685800562 1163244594 1031114160 330751201
338471080 795440984 1863849608 1379800481
560688854 565900274 1829007897 2122577785
1490667443 1054513017 2082740443 271795384
461446838 1518626628 855459334 1875589356
1786078073 145611249 743311960 1471137715
1051217360 1156048194 1936289346 469041061
1759291533 166119969 1594282303 297608446
1329364563 477912815 628359646 1667835642
1273353798 344725606 900152474 1834042651
910625879 581676722 1809136788 253809673
1636189739 1744393582 525605057 2097636576
1115536561 1381064390 1825742284 754130985
1526675639 421570595 77785051 430409350
1577618788 2014074397 899450411 1189426672
32710717 346249065 1487035118 1362075279
824161879 2115394763 882427273 2097515677
312636720 1782579746 1784074679 1223262598
216772820 1445727818 1477072271 1852962558
1042637751 2002677327 1803115485 10690663
1236258068 1481374120 764821647 615450058
1902944714 842606698 1045859408 1333079853
709197446 1945309818 375022877 741908162
144075234 1862057994 2103983441 968237113
1829969108 838927065 918269141 2142605828
474023162 554860171 1218384777 690795981
2000587989 547973399 396274890 895742091
403167077 51906727 906432754 1639425145
1533280846 1671254400 107391554 1288741912
366377449 1153250961 474338116 1075574894
951077130 849360992 1817483056 1095152364
563935337 1773982848 2063389476 246420797
465426264 834174968 241542976 939449425
1389035138 1459927752 1630245406 1242139478
2007901151 2026520295 2137881569 263584579
2078427021 896830674 1903009723 1464224219
420601425 2010401277 605482482 786978874
1016168589 1079820597 1862553767 1967245719
1929181589 1532553174 914914434 345633277
1159052373 830820261 592054073 1624478636
1664995228 833597048 416444413 906546717
146041152 2046689818 1202547 6458654
1925726464 2139084115 270043232 1856669837
888431140 25569307 1173410407 1309032564
2035970583 1778892888 2096011437 904655523
711229836 1811081556 724417593 492927776
1196151081 1639332026 838561053 207719806
322668638 1430615125 1832198441 1987663865
116728525 101159205 746726934 262769676
365374 747929480 269228329 1926091838
739529946 539271560 1635278026 1627961085
564840866 661204784 789510000 453327800
292614023 738037789 1357983323 1003843858
401635696 2082400915 1496771634 1597786776
1574249293 187849038 1805506581 1896917930
1618464162 1490221374 1737098147 1735192686
1591380578 336341432 1997962361 1591745952
1084270911 119707041 1370354141 1823800856
658978601 858148518 1304278292 1223819466
1519353301 2093788291 1677147266 1811967323
684342431 887646940 668327532 1085978126
822564206 17615517 536281254 249329850
205464554 194304186 2146247780 1823928716
1684525559 1735862278 1411637753 1128422489
2072203709 1262116466 572684792 1008990971
1381823506 1943038932 685308178 2040802106
653703801 1989586469 1117137924 25573453
1935891111 646801541 1837540775 472749894
1534448480 358384658 1558728019 209529037
376000175 2095009272 458858887 581464728
141829810 457623018 257909795 1826355368
46001647 1669547548 807294208 2118205355
784180365 1379978999 979712677 18520222
1175534282 1665020854 2059322328 1829238082
1507123674 1028976603 1854811534 1295531136
1675778143 1544868660 1768281029 1062742974
1903253318 1179525400 1272272010 131769844
1127051023 1731130896 713234571 1268880832
41270265 971144366 947752552 87271911
493208265 1755046759 57993617 1277388629
987542110 1037706293 1295908850 15592743
555243498 1207747529 1844830825 2062367171
89240483 1552158710 1210414659 1765018625
949543722 831212039 680277950 705313391
2010737438 1952549960 837083234 990304813
1536197207 1550317804 111701996 1577467472
373978521 1059454547 1664739382 867186785
667017658 1722732999 2144575413 1654559767
612955643 1293000615 1670152509 1168199141
353264495 1367499685 1083082663 442504978
772174747 146013673 60039954 1721718468
977225712 740317904 279548210 840479501
545384215 1116631443 1830784313 2081581421
519465598 1942486309 1511565244 893444119
854457207 1028820978 1760630903 1521474864
604070328 1757722668 1028550982 1217025970
903239634 551219843 237741462 1256504128
1918719527 1320824125 1699009105 543410625
1466837797 1759049059 117645444 296579860
351883314 397193653 1137059361 897267528
1513825095 820360025 831365300 2033290693
615362685 195446896 779251163 1469819892
1224267873 392398417 843811107 1828338200
2637436 1872362089 897880521 905877069
276098283 1135621983 14897549 47334161
308962459 1713906653 590744786 1775800255
1325472063 708390229 2072380115 1677355376
1105583882 1061955827 427139255 471925328
1882315851 1258504555 357732372 350194888
1453951450 1136983534 1820014779 530735674
1529381951 516342237 211590225 1532019386
241220677 1109470745 290412807 517318959
97609079 305310355 564653120 406571537
2019217007 1155397905 34888144 1197205422
1863788133 2107268258 727077149 821888366
1021740436 1154216404 1293813694 756572638
265237310 1651546065 1106767525 1719188759
641045951 779298655 102440784 22944253
1295640892 314031008 1554963638 1536861568
1423501752 1845376444 2054180527 1521110831
3203150 471349998 1927682367 2022420157
1626747902 1962570510 1072141930 1343052386
1922355119 1799219078 17457104 796611906
805951833 1311270797 1553184544 1071189142
815333213 512468420 642894252 1456379163
1291767075 745335035 1479323415 439924318
1059366042 886803405 1976785885 335384146
584696200 1883482763 1856494976 587899350
207349112 1636693694 462835858 1834097013
1451780556 1534977787 1029665751 1226652026
1186713216 1047122854 2023263932 1992665049
210910002 1428964827 916370542 1026243214
1941433246 1559264794 335138729 1085716672
157116180 1814462143 1525640989 1216482222
553781899 1354943226 1551866367 1138478099
1090942340 1260877694 1726377448 1298291452
750087739 41729657 984904816 54384646
1576707443 2014570566 1281036672 615937010
914209771 1156816955 461118410 1125119772
438298133 1377488952 3879338 232247730
789270097 339018066 1317964402 946386276
5996560 696121742 15384849 559778459
2051064967 1567251215 1698256557 994523659
680645260 1277150356 145331462 1430732999
1318880012 1130236277 1485117644 748103806
997323195 618670667 1364040815 1911532965
1775487621 1825159225 889169089 66302105
1055164528 893048426 298549835 1844434624
1232066491 1616514236 643337251 1238063050
165152329 658722100 1797841508 68733648
78489666 1348614416 1063257306 759134926
478281123 1208588767 42384276 1797161134
191341395 1527501919 397781291 1188664589
2146172586 1761822106 952713906 1774176558
1439497682 1841882994 1840478663 347178561
587447771 2139028497 44129536 1819514261
1608059084 687466786 910093662 1773211412
1346188885 560451522 1841945059 1424678551
1909065937 757718716 36329828 239863412
1966307482 78714103 2037024545 10165229
1606216021 287322188 1198829817 1604904958
2049144293 4060074 1231597868 1341158326
1845943067 924592882 1688336886 285907189
916137730 1732466421 2105421449 376713165
272449558 868031463 2440928 1618638443
1428482984 1844385987 895833345 1190065272
454621054 932163172 1429928683 273444888
1010877274 1319469580 283610116 469609646
1606791767 1482439932 2074514604 1508452411
1486500006 1158628823 702127088 1184959424
2083221704 242980325 1470866613 851875785
1975446745 1428804413 1228588949 100412654
149352227 1231029876 1719051096 1577835210
927932214 467400792 620416834 1382553268
1399563963 2050345516 1655998155 262957588
1222331447 1939608270 732567234 681639565
1274564553 659598189 42608327 613580910
1818227011 744735414 1798540334 1753965066
987715738 1121923298 458357202 815678834
403244062 1686946150 916091488 552596289
770492377 487658935 2130431498 1698424591
955059727 603364683 933494210 207140041
506226551 442008716 470097629 1728557997
234133337 1202664862 262713914 1508697889
1862263050 305322240 2122278799 1533006412
1050057654 1773335484 1139487829 2037773391
747775133 1597845030 705968577 1151019194
1137307531 1622060064 1703615482 1907799907
2109718998 1686563332 1458740849 917295076
142444366 244751410 1124435117 648670916
686760125 1594532745 229745265 920893461
649713958 492459178 282107702 364493359
797781417 256902852 1897499770 1847839070
2030238335 889503950 1738128813 630529819
339865331 296613741 1781549012 1477172861
1918673804 1337680846 1237489119 1880909153
876760529 548746320 650720581 1019204894
793497729 1775155697 1667875810 1480257854
1222204793 1897621074 253667666 1871918750
242596603 535775367 88928460 1040378019
792678218 1986428229 740733441 675432904
728448530 331378605 1305962722 1068313860
627992345 940028086 398003072 399182500
130225283 1635492190 132608004 1006985811
36754861 783328584 2026190704 830252590
411000632 1546582865 163026795 1633205424
1296720290 416694460 1357640525 1539316892
952469827 1446568984 432211263 1745148044
1285513564 1172944703 273097300 2013962093
1504323307 1579060021 934792304 2132315651
371604458 1332795375 384014502 501829740
820803917 516622505 1508815550 857558777
1299951089 1387522606 1687811366 1710951720
786621822 1850838160 1196673496 2083342112
120048972 406830372 1475175355 1072518798
1853399356 1907386617 670183193 991429271
932847671 943280492 857907716 289687329
374856865 1792700019 274519331 746461322
978011746 658533832 1248291062 1798815662
1175156337 609622963 508890790 327623777
1997145568 49218508 2038575496 636283742
1900056667 1087765343 572142205 2020105638
1494595715 2047317559 945140787 1200511422
1807220528 1615323980 44457044 592584550
411120823 902364759 882271879 785977687
547581130 1156791209 1532439009 1525592875
1815325041 633246422 1176924888 842997729
1242869384 1685815677 1170621505 1092531304
1735034184 1061713352 1728815045 1487607203
1995047 153473601 1360229192 1496590761
53307511 157886331 549618534 1860528038
1773210310 594075577 305628940 36847484
1496440336 1187900818 822825171 2044021465
197208378 207780531 1422130691 2012533418
841026952 451571930 708047498 2083896335
2137387606 1878669002 1028943990 1724938142
792898706 610275386 1065061696 794893752
763748986 277807239 144000864 817056497
435693569 693619397 530100886 61420230
1287694973 835729825 98267714 636651660
2023630642 921092884 533189476 73355372
1128873414 1955320166 2085888789 1969900365
259408447 646452639 1906313051 249312405
